Graph : [ numOfVertices=236, numOfEdges=2478] 
Vertices List:
Vertex 0:33633793    [outDegree: 1  inDegree:0  threshold: 0.0 influence: 0.0] outAdjList=[19966557]   inAdjList=[]
Vertex 1:563200400   [outDegree: 0  inDegree:17 threshold: 0.0 influence: 0.0] outAdjList=[]   inAdjList=[14305022, 16912257, 13462502, 14220606, 6160742, 57378470, 13652832, 1186, 16461070, 14710479, 638323, 3191321, 15583257, 5264791, 13141442, 15109716, 14087951]
Vertex 2:29294520    [outDegree: 28 inDegree:21 threshold: 0.0 influence: 0.0] outAdjList=[13462502, 19966557, 8630302, 47, 1566521, 6160742, 255617445, 15819085, 30331404, 6088382, 15801446, 883301, 19479427, 16119767, 40198602, 6001592, 15775613, 10013512, 5854882, 14471007, 765548, 14202711, 528, 8479062, 1260231, 6331462, 8630562, 14450509]   inAdjList=[6160742, 528, 15819085, 13462502, 16119767, 40198602, 15801446, 8630302, 179339999, 1566521, 10013512, 883301, 6331462, 8630562, 6001592, 12800212, 765548, 6088382, 8479062, 14471007, 5854882]
Vertex 3:5634142     [outDegree: 10 inDegree:10 threshold: 0.0 influence: 0.0] outAdjList=[15187243, 20554406, 30331404, 6731422, 10476462, 15583257, 1678471, 19208772, 5994452, 18414485]   inAdjList=[20554406, 1678471, 15187243, 1566521, 57378470, 6731422, 19208772, 5994452, 18414485, 15583257]
Vertex 4:8708232     [outDegree: 16 inDegree:15 threshold: 0.0 influence: 0.0] outAdjList=[761, 380, 27985216, 9283582, 14471007, 14710479, 1678471, 6735, 883301, 1186, 15583257, 10587552, 13652832, 14305022, 14819149, 17938005]   inAdjList=[13652832, 1186, 14471007, 14710479, 14819149, 15583257, 22588327, 9283582, 5854882, 27985216, 10587552, 1678471, 761, 17938005, 883301]
Vertex 5:21965123    [outDegree: 12 inDegree:10 threshold: 0.0 influence: 0.0] outAdjList=[13141442, 8630562, 15819085, 174958347, 12800212, 6253882, 11322372, 24340234, 16007011, 5813712, 17937655, 6088382]   inAdjList=[6253882, 15819085, 24340234, 13141442, 16007011, 17937655, 8630562, 12800212, 10013512, 174958347]
Vertex 6:180505807   [outDegree: 7  inDegree:52 threshold: 0.0 influence: 0.0] outAdjList=[586, 380, 1186, 14202711, 40198602, 12741, 10476462]   inAdjList=[20496869, 14819149, 25583917, 18414485, 14202711, 668423, 12741, 16912257, 1678471, 15540222, 57378470, 16934483, 68824195, 58166411, 14305022, 19094625, 586, 380, 5827292, 19507576, 8479062, 1186, 18974638, 20904050, 12544312, 652193, 10476462, 326658079, 22253, 883301, 15819085, 15384741, 15187243, 67157376, 15725851, 14904282, 13652832, 1566521, 35357461, 40198602, 14220606, 10013512, 15302100, 16215038, 3191321, 761, 27985216, 8630562, 16803822, 15583257, 17459034, 2727051]
Vertex 7:14          [outDegree: 3  inDegree:6  threshold: 0.0 influence: 0.0] outAdjList=[1186, 586, 380]   inAdjList=[47, 380, 14172562, 1186, 8479062, 883301]
Vertex 8:13019862    [outDegree: 11 inDegree:5  threshold: 0.0 influence: 0.0] outAdjList=[1678471, 6735, 13334762, 9943672, 20904050, 14892191, 662423, 6687652, 1260231, 14305022, 6503412]   inAdjList=[20904050, 1678471, 14305022, 14163141, 662423]
Vertex 9:528         [outDegree: 32 inDegree:38 threshold: 0.0 influence: 0.0] outAdjList=[662423, 9943672, 14892191, 7415132, 29294520, 9863222, 17408993, 663463, 8067082, 11178592, 6503412, 15459980, 14172562, 3191321, 14305022, 14231571, 19966557, 8479062, 14163141, 14471007, 17864230, 51123, 6160742, 15384741, 6735, 652193, 19223, 8003822, 47015938, 57739496, 2735631, 47]   inAdjList=[51123, 9863222, 17864230, 14172562, 663463, 11178592, 47, 12725022, 7461782, 662423, 15459980, 9943672, 14367669, 8003822, 2735631, 761, 3191321, 14471007, 6735, 728163, 1186, 14305022, 29294520, 22253, 19223, 652193, 5854882, 8479062, 14163141, 15384741, 20904050, 6160742, 7415132, 6503412, 8866342, 14710479, 14231571, 14178728]
Vertex 10:12800212   [outDegree: 17 inDegree:10 threshold: 0.0 influence: 0.0] outAdjList=[14450509, 13462502, 6001592, 5854882, 6331462, 6088382, 17129553, 1566521, 13141442, 20221130, 8630302, 21965123, 29294520, 14710479, 8630562, 10013512, 18248772]   inAdjList=[19042640, 18248772, 8630562, 10013512, 21965123, 14710479, 6088382, 1566521, 13141442, 6001592]
Vertex 11:15236339   [outDegree: 1  inDegree:3  threshold: 0.0 influence: 0.0] outAdjList=[606083]   inAdjList=[606083, 67157376, 21145764]
Vertex 12:22084427   [outDegree: 8  inDegree:18 threshold: 0.0 influence: 0.0] outAdjList=[8067082, 551433993, 2735631, 234270825, 586, 14267393, 174958347, 19966557]   inAdjList=[15459980, 174958347, 22253, 287713, 234270825, 14172562, 14904282, 377821426, 14087951, 2735631, 6735, 104937383, 8067082, 12544312, 17459034, 586, 21196272, 17864230]
Vertex 13:14163141   [outDegree: 24 inDegree:3  threshold: 0.0 influence: 0.0] outAdjList=[57739496, 9943672, 51518017, 14892191, 255617445, 14749606, 1765921, 8067082, 13019862, 2735631, 8003822, 47015938, 15459980, 248049056, 234270825, 6687652, 14231571, 79033767, 528, 636923, 586, 14267393, 11178592, 8479062]   inAdjList=[528, 19327052, 18498878]
Vertex 14:13334762   [outDegree: 3  inDegree:25 threshold: 0.0 influence: 0.0] outAdjList=[713263, 638323, 11322372]   inAdjList=[1371101, 14086492, 713263, 638323, 10476462, 14809096, 728163, 14087951, 13019862, 14178728, 11322372, 1566521, 51123, 9863222, 761, 5264791, 16912257, 5813712, 668423, 16004268, 326658079, 19094625, 15639334, 1186, 663463]
Vertex 15:1656891    [outDegree: 1  inDegree:1  threshold: 0.0 influence: 0.0] outAdjList=[5994452]   inAdjList=[5994452]
Vertex 16:18498878   [outDegree: 14 inDegree:2  threshold: 0.0 influence: 0.0] outAdjList=[14749606, 14231571, 57378470, 1678471, 83971810, 9943672, 1186, 68824195, 183836186, 11178592, 79033767, 14163141, 30331404, 5827292]   inAdjList=[1678471, 57378470]
Vertex 17:14305022   [outDegree: 26 inDegree:24 threshold: 0.0 influence: 0.0] outAdjList=[8479062, 12725022, 563200400, 14367669, 15384741, 6160742, 180505807, 11178592, 51518017, 9283582, 13019862, 14231571, 1260231, 20904050, 2735631, 6331462, 14267393, 3191321, 765548, 47, 255617445, 528, 652193, 11322372, 14710479, 9943672]   inAdjList=[14710479, 19223, 47, 652193, 51518017, 9767472, 13141442, 12725022, 528, 20904050, 6331462, 14367669, 9943672, 16004268, 3191321, 15384741, 9283582, 728163, 5994452, 11178592, 8708232, 13019862, 8479062, 14231571]
Vertex 18:713263     [outDegree: 28 inDegree:21 threshold: 0.0 influence: 0.0] outAdjList=[58166411, 663463, 11322372, 13334762, 5813712, 1260231, 11178592, 14809096, 3191321, 14749606, 14087951, 51123, 1186, 728163, 57739496, 14471007, 14202817, 14172562, 163449492, 9616792, 638323, 668423, 2727051, 19483147, 22253, 380, 761, 6160742]   inAdjList=[728163, 14809096, 14178728, 5813712, 13334762, 663463, 1566521, 14471007, 668423, 1186, 638323, 51123, 6160742, 11322372, 14087951, 15540222, 3191321, 22253, 326658079, 14172562, 21145764]
Vertex 19:2735631    [outDegree: 14 inDegree:37 threshold: 0.0 influence: 0.0] outAdjList=[14178728, 15459980, 8067082, 8003822, 14231571, 6503412, 528, 11178592, 22084427, 652193, 14172562, 6735, 20755177, 586]   inAdjList=[652193, 14710479, 638323, 7415132, 2727051, 15109716, 14172562, 761, 19223, 14142965, 15384741, 6735, 6503412, 22253, 8479062, 728163, 1186, 11322372, 9283582, 14163141, 14231571, 14305022, 22084427, 8003822, 51123, 57378470, 14178728, 7461782, 8067082, 586, 15459980, 20755177, 5854882, 14367669, 20904050, 528, 19327052]
Vertex 20:6331462    [outDegree: 26 inDegree:16 threshold: 0.0 influence: 0.0] outAdjList=[9943672, 11178592, 10476462, 30331404, 5854882, 3191321, 8479062, 19966557, 14305022, 586, 14892191, 287713, 17561826, 14710479, 6735, 174958347, 68824195, 179339999, 29294520, 380, 15775613, 652193, 883301, 1186, 14202711, 19479427]   inAdjList=[15775613, 13839772, 652193, 3191321, 8479062, 12800212, 14367669, 174958347, 586, 14305022, 14202711, 179339999, 5854882, 17561826, 29294520, 287713]
Vertex 21:17798441   [outDegree: 3  inDegree:4  threshold: 0.0 influence: 0.0] outAdjList=[18414485, 5994452, 1678471]   inAdjList=[15583257, 18414485, 5994452, 1678471]
Vertex 22:271605782  [outDegree: 5  inDegree:5  threshold: 0.0 influence: 0.0] outAdjList=[255617445, 14142965, 13648692, 9411772, 14086492]   inAdjList=[9411772, 20554406, 14142965, 16803822, 14086492]
Vertex 23:3191321    [outDegree: 27 inDegree:16 threshold: 0.0 influence: 0.0] outAdjList=[17408993, 11178592, 51518017, 9943672, 10476462, 380, 6331462, 1186, 13839772, 27985216, 6001592, 287713, 255617445, 179339999, 14305022, 13462502, 528, 652193, 19966557, 713263, 6735, 14202711, 180505807, 586, 563200400, 5813712, 11322372]   inAdjList=[6001592, 11322372, 6331462, 11178592, 528, 14367669, 713263, 1186, 14305022, 652193, 287713, 13462502, 6735, 13839772, 27985216, 586]
Vertex 24:130268655  [outDegree: 3  inDegree:1  threshold: 0.0 influence: 0.0] outAdjList=[22588327, 1260231, 10587552]   inAdjList=[6001592]
Vertex 25:14710479   [outDegree: 29 inDegree:19 threshold: 0.0 influence: 0.0] outAdjList=[8630562, 14231571, 1371101, 2735631, 14305022, 17633994, 5994452, 5854882, 10013512, 6088382, 8708232, 12800212, 14367669, 255617445, 1678471, 15801446, 883301, 13141442, 563200400, 57378470, 17129553, 1260231, 174958347, 1566521, 6735, 13462502, 15384741, 10476462, 528]   inAdjList=[883301, 8630562, 1371101, 8479062, 6088382, 15384741, 13462502, 8708232, 6331462, 17633994, 10013512, 17129553, 15801446, 14305022, 5994452, 1566521, 13141442, 12800212, 1678471]
Vertex 26:47         [outDegree: 23 inDegree:14 threshold: 0.0 influence: 0.0] outAdjList=[380, 14, 1186, 14305022, 6160742, 9863222, 528, 1260231, 6001592, 5813712, 14231571, 14471007, 17561826, 11322372, 883301, 16007011, 19479427, 6735, 2727051, 7415132, 761, 9943672, 765548]   inAdjList=[6160742, 29294520, 6735, 883301, 14305022, 17561826, 6001592, 14087951, 761, 765548, 14172562, 9863222, 1186, 528]
Vertex 27:15304923   [outDegree: 0  inDegree:8  threshold: 0.0 influence: 0.0] outAdjList=[]   inAdjList=[15384741, 17384098, 9283582, 9767472, 6253882, 17729005, 19101100, 14819149]
Vertex 28:9411772    [outDegree: 7  inDegree:7  threshold: 0.0 influence: 0.0] outAdjList=[14086492, 271605782, 18317233, 20554406, 15911247, 16215038, 14142965]   inAdjList=[15911247, 20554406, 16215038, 14142965, 14086492, 271605782, 18317233]
Vertex 29:165964253  [outDegree: 0  inDegree:4  threshold: 0.0 influence: 0.0] outAdjList=[]   inAdjList=[19094625, 8479062, 9863222, 6001592]
Vertex 30:1765921    [outDegree: 6  inDegree:9  threshold: 0.0 influence: 0.0] outAdjList=[2727051, 14267393, 174958347, 6687652, 757502, 14231571]   inAdjList=[14163141, 14892191, 380, 1186, 12741, 57378470, 757502, 22253, 8132642]
Vertex 31:586        [outDegree: 20 inDegree:34 threshold: 0.0 influence: 0.0] outAdjList=[11178592, 17408993, 14202711, 180505807, 174958347, 51518017, 6331462, 16461070, 287713, 6160742, 380, 104937383, 652193, 2735631, 551433993, 305888449, 22084427, 460693601, 15459980, 3191321]   inAdjList=[62415556, 1186, 180505807, 16912257, 14, 13652832, 15109716, 8479062, 5854882, 40198602, 14087951, 6331462, 22253, 16461070, 15459980, 14904282, 67157376, 287713, 6160742, 14367669, 22084427, 14172562, 10013512, 51518017, 3191321, 16119767, 57378470, 174958347, 14163141, 652193, 2735631, 380, 11178592, 179339999]
Vertex 32:353101127  [outDegree: 3  inDegree:3  threshold: 0.0 influence: 0.0] outAdjList=[109186893, 136865608, 155696919]   inAdjList=[136865608, 40198602, 155696919]
Vertex 33:6735       [outDegree: 25 inDegree:36 threshold: 0.0 influence: 0.0] outAdjList=[6503412, 8003822, 380, 51123, 663463, 5827292, 728163, 2735631, 51518017, 14231571, 174958347, 6687652, 9943672, 47, 528, 15459980, 662423, 20755177, 11178592, 8067082, 22084427, 652193, 3191321, 12725022, 14178728]   inAdjList=[2727051, 19479427, 663463, 51518017, 13019862, 15459980, 11322372, 1186, 20755177, 8003822, 5854882, 8067082, 22253, 8708232, 51123, 6331462, 15540222, 174958347, 6503412, 662423, 528, 57378470, 3191321, 9283582, 2735631, 380, 11178592, 14710479, 47, 12725022, 652193, 8479062, 728163, 19223, 14178728, 14172562]
Vertex 34:15384741   [outDegree: 26 inDegree:14 threshold: 0.0 influence: 0.0] outAdjList=[9611352, 9767472, 15304923, 17384098, 11178592, 652193, 9943672, 2735631, 14231571, 14710479, 9283582, 24340234, 15801446, 14305022, 180505807, 17633994, 22253, 636923, 19101100, 1260231, 14819149, 528, 12741, 51518017, 17729005, 6253882]   inAdjList=[17384098, 24340234, 9767472, 15801446, 14305022, 14819149, 9611352, 19101100, 9283582, 17729005, 6253882, 528, 20904050, 14710479]
Vertex 35:155696919  [outDegree: 3  inDegree:4  threshold: 0.0 influence: 0.0] outAdjList=[136865608, 353101127, 109186893]   inAdjList=[136865608, 109186893, 638323, 353101127]
Vertex 36:17459034   [outDegree: 14 inDegree:1  threshold: 0.0 influence: 0.0] outAdjList=[1186, 380, 12741, 83971810, 17864230, 883301, 51518017, 22084427, 104937383, 460693601, 11178592, 180505807, 9943672, 652193]   inAdjList=[883301]
Vertex 37:19507576   [outDegree: 3  inDegree:3  threshold: 0.0 influence: 0.0] outAdjList=[15543818, 180505807, 14904282]   inAdjList=[14904282, 15543818, 245421629]
Vertex 38:16004268   [outDegree: 15 inDegree:1  threshold: 0.0 influence: 0.0] outAdjList=[51123, 15639334, 51518017, 663463, 14231571, 11178592, 1260231, 9943672, 14305022, 14749606, 79033767, 13334762, 275570583, 198410517, 1371101]   inAdjList=[67157376]
Vertex 39:8132642    [outDegree: 3  inDegree:2  threshold: 0.0 influence: 0.0] outAdjList=[98065221, 1678471, 1765921]   inAdjList=[27985216, 98065221]
Vertex 40:765548     [outDegree: 6  inDegree:10 threshold: 0.0 influence: 0.0] outAdjList=[761, 6160742, 6001592, 47, 17561826, 29294520]   inAdjList=[1186, 6001592, 19094625, 14305022, 29294520, 5854882, 179339999, 761, 14172562, 47]
Vertex 41:15459980   [outDegree: 10 inDegree:16 threshold: 0.0 influence: 0.0] outAdjList=[8067082, 22084427, 6735, 14178728, 528, 20755177, 586, 8003822, 2735631, 17864230]   inAdjList=[22253, 19327052, 14178728, 51123, 17864230, 8866342, 528, 2735631, 14163141, 6735, 14172562, 8067082, 20755177, 586, 15109716, 8003822]
Vertex 42:728163     [outDegree: 26 inDegree:15 threshold: 0.0 influence: 0.0] outAdjList=[713263, 12007182, 12725022, 16803822, 11178592, 8067082, 9943672, 14172562, 13334762, 22253, 6503412, 2735631, 7415132, 51518017, 255617445, 9616792, 14305022, 528, 663463, 636923, 19223, 67157376, 6735, 14178728, 14231571, 51123]   inAdjList=[663463, 12725022, 12007182, 19223, 8479062, 16803822, 6735, 9616792, 11178592, 713263, 51123, 9283582, 67157376, 14172562, 14178728]
Vertex 43:883301     [outDegree: 36 inDegree:28 threshold: 0.0 influence: 0.0] outAdjList=[9616792, 57378470, 380, 91443374, 10587552, 14710479, 2727051, 81962011, 15583257, 15775613, 6088382, 17408993, 51518017, 40198602, 5854882, 67157376, 17459034, 1186, 47, 29294520, 17633994, 13462502, 17129553, 15302100, 14367669, 1260231, 180505807, 83971810, 1678471, 14, 652193, 487072890, 8630562, 13652832, 8708232, 6160742]   inAdjList=[1678471, 15302100, 15583257, 17633994, 16119767, 29294520, 67157376, 14367669, 14220606, 13652832, 1186, 10587552, 6088382, 17384098, 57378470, 40198602, 14710479, 17459034, 8708232, 8630562, 2727051, 47, 652193, 380, 6331462, 15775613, 5854882, 16803822]
Vertex 44:179339999  [outDegree: 12 inDegree:11 threshold: 0.0 influence: 0.0] outAdjList=[8479062, 1186, 14231571, 6160742, 29294520, 1260231, 6331462, 765548, 10476462, 652193, 14202711, 586]   inAdjList=[9863222, 6160742, 14178728, 1566521, 14367669, 5854882, 13462502, 3191321, 19094625, 6331462, 380]
Vertex 45:8067082    [outDegree: 12 inDegree:21 threshold: 0.0 influence: 0.0] outAdjList=[8003822, 20755177, 19223, 51123, 6735, 234270825, 2735631, 22084427, 15459980, 14172562, 551433993, 17864230]   inAdjList=[15459980, 6503412, 17864230, 22084427, 14178728, 728163, 528, 51123, 14163141, 2735631, 19223, 12007182, 234270825, 14172562, 22253, 6735, 8003822, 15109716, 761, 20755177, 16317798]
Vertex 46:19042640   [outDegree: 7  inDegree:5  threshold: 0.0 influence: 0.0] outAdjList=[12800212, 174958347, 15819085, 377821426, 13141442, 8630562, 1566521]   inAdjList=[10013512, 8630562, 15819085, 1566521, 174958347]
Vertex 47:8940282    [outDegree: 3  inDegree:2  threshold: 0.0 influence: 0.0] outAdjList=[14172562, 62415556, 460693601]   inAdjList=[5854882, 62415556]
Vertex 48:377821426  [outDegree: 8  inDegree:10 threshold: 0.0 influence: 0.0] outAdjList=[13462502, 174958347, 14450509, 8630302, 22084427, 16119767, 15819085, 6088382]   inAdjList=[8630302, 17937655, 17245224, 15819085, 174958347, 6001592, 19042640, 6088382, 487851005, 13462502]
Vertex 49:458897186  [outDegree: 0  inDegree:1  threshold: 0.0 influence: 0.0] outAdjList=[]   inAdjList=[636923]
Vertex 50:24340234   [outDegree: 5  inDegree:5  threshold: 0.0 influence: 0.0] outAdjList=[10587552, 15384741, 22588327, 21965123, 17729005]   inAdjList=[14819149, 15384741, 10587552, 17729005, 21965123]
Vertex 51:14892191   [outDegree: 6  inDegree:13 threshold: 0.0 influence: 0.0] outAdjList=[11178592, 255617445, 1765921, 14749606, 2727051, 6503412]   inAdjList=[528, 14163141, 27985216, 16934483, 6331462, 1186, 13019862, 19208772, 16912257, 8479062, 12741, 16007011, 1678471]
Vertex 52:16912257   [outDegree: 19 inDegree:4  threshold: 0.0 influence: 0.0] outAdjList=[180505807, 9943672, 51518017, 563200400, 57378470, 380, 586, 652193, 13652832, 1260231, 15162141, 14892191, 6687652, 11178592, 174958347, 13334762, 1678471, 287713, 14749606]   inAdjList=[57378470, 8479062, 1678471, 15162141]
Vertex 53:5827292    [outDegree: 3  inDegree:8  threshold: 0.0 influence: 0.0] outAdjList=[180505807, 14267393, 21196272]   inAdjList=[15109716, 16461070, 6735, 8630302, 12544312, 21196272, 13462502, 18498878]
Vertex 54:18414485   [outDegree: 10 inDegree:7  threshold: 0.0 influence: 0.0] outAdjList=[180505807, 17798441, 19208772, 1678471, 183836186, 15187243, 248049056, 5634142, 15583257, 5994452]   inAdjList=[1678471, 5994452, 17798441, 183836186, 15583257, 15187243, 5634142]
Vertex 55:75939851   [outDegree: 0  inDegree:1  threshold: 0.0 influence: 0.0] outAdjList=[]   inAdjList=[20904050]
Vertex 56:18974638   [outDegree: 3  inDegree:2  threshold: 0.0 influence: 0.0] outAdjList=[18976476, 180505807, 35357461]   inAdjList=[18976476, 35357461]
Vertex 57:19101100   [outDegree: 8  inDegree:7  threshold: 0.0 influence: 0.0] outAdjList=[17384098, 14819149, 6253882, 9283582, 9767472, 15384741, 17729005, 15304923]   inAdjList=[6253882, 9767472, 17384098, 9283582, 17729005, 15384741, 14819149]
Vertex 58:8003822    [outDegree: 10 inDegree:19 threshold: 0.0 influence: 0.0] outAdjList=[6735, 17864230, 528, 2735631, 14178728, 174958347, 8067082, 8003822, 14231571, 15459980]   inAdjList=[6735, 14178728, 8067082, 20755177, 6503412, 2735631, 14163141, 11178592, 14172562, 17864230, 14231571, 51123, 15459980, 15109716, 22253, 8479062, 528, 8003822, 8866342]
Vertex 59:15801446   [outDegree: 8  inDegree:9  threshold: 0.0 influence: 0.0] outAdjList=[15384741, 9611352, 10013512, 29294520, 14710479, 17384098, 9283582, 17729005]   inAdjList=[30331404, 17729005, 29294520, 15384741, 9283582, 14710479, 9611352, 17384098, 10013512]
Vertex 60:360882965  [outDegree: 0  inDegree:3  threshold: 0.0 influence: 0.0] outAdjList=[]   inAdjList=[14471007, 40198602, 57378470]
Vertex 61:255617445  [outDegree: 1  inDegree:24 threshold: 0.0 influence: 0.0] outAdjList=[51518017]   inAdjList=[271605782, 636923, 14163141, 51123, 29294520, 16007011, 22253, 14710479, 22588327, 14892191, 3191321, 728163, 15819085, 2727051, 14305022, 57378470, 8630562, 6503412, 51518017, 11178592, 663463, 9943672, 14142965, 14178728]
Vertex 62:68824195   [outDegree: 11 inDegree:6  threshold: 0.0 influence: 0.0] outAdjList=[180505807, 1186, 14819149, 14220606, 652193, 380, 20904050, 2727051, 12741, 1859981, 22253]   inAdjList=[20904050, 1186, 18498878, 6331462, 12741, 15302100]
Vertex 63:8630302    [outDegree: 19 inDegree:13 threshold: 0.0 influence: 0.0] outAdjList=[377821426, 6088382, 104937383, 17937655, 14838800, 5827292, 15819085, 29294520, 17245224, 487851005, 8630562, 13462502, 14450509, 16734561, 15166546, 6001592, 14749606, 248049056, 16353769]   inAdjList=[6001592, 29294520, 13462502, 17129553, 6088382, 12800212, 377821426, 15166546, 8630562, 15819085, 16353769, 17937655, 17245224]
Vertex 64:98065221   [outDegree: 1  inDegree:2  threshold: 0.0 influence: 0.0] outAdjList=[8132642]   inAdjList=[8132642, 22253]
Vertex 65:245421629  [outDegree: 1  inDegree:0  threshold: 0.0 influence: 0.0] outAdjList=[19507576]   inAdjList=[]
Vertex 66:1678471    [outDegree: 30 inDegree:33 threshold: 0.0 influence: 0.0] outAdjList=[19966557, 18414485, 883301, 180505807, 13019862, 5634142, 761, 16007011, 1186, 19208772, 17129553, 174958347, 20554406, 13538092, 183836186, 5994452, 14367669, 16912257, 17633994, 14471007, 15187243, 57378470, 8708232, 15162141, 15583257, 18498878, 17798441, 14892191, 6731422, 14710479]   inAdjList=[13652832, 13019862, 57378470, 17633994, 35357461, 183836186, 14471007, 5854882, 18498878, 18248772, 15583257, 16803822, 40198602, 761, 20554406, 18414485, 17129553, 5634142, 8708232, 15162141, 14710479, 19208772, 5994452, 883301, 16007011, 16912257, 174958347, 17798441, 6731422, 8132642, 15187243, 16353769, 1186]
Vertex 67:9863222    [outDegree: 11 inDegree:7  threshold: 0.0 influence: 0.0] outAdjList=[179339999, 528, 6160742, 165964253, 17408993, 13334762, 326658079, 6001592, 16461070, 47, 380]   inAdjList=[14367669, 528, 47, 16461070, 6001592, 6160742, 8479062]
Vertex 68:8866342    [outDegree: 10 inDegree:4  threshold: 0.0 influence: 0.0] outAdjList=[15459980, 7415132, 15109716, 16317798, 17864230, 19966557, 8003822, 14267393, 528, 14231571]   inAdjList=[7415132, 15109716, 17864230, 14267393]
Vertex 69:1186       [outDegree: 49 inDegree:31 threshold: 0.0 influence: 0.0] outAdjList=[765548, 8479062, 586, 5854882, 305888449, 10476462, 6503412, 8708232, 5994452, 6735, 9943672, 51518017, 14, 19479427, 68824195, 713263, 10587552, 6687652, 14231571, 12741, 883301, 2735631, 6160742, 180505807, 14892191, 3191321, 14367669, 14749606, 13652832, 563200400, 761, 528, 14202711, 1765921, 15583257, 15166546, 380, 652193, 2727051, 16119767, 22253, 13334762, 636923, 1260231, 1859981, 11178592, 47, 83971810, 1678471]   inAdjList=[19479427, 22253, 14, 652193, 16803822, 15540222, 17459034, 47, 11178592, 14087951, 68824195, 3191321, 14367669, 1678471, 179339999, 180505807, 6160742, 883301, 713263, 18498878, 6503412, 57378470, 12741, 8708232, 27985216, 761, 668423, 13652832, 5854882, 6331462, 15583257]
Vertex 70:2727051    [outDegree: 16 inDegree:26 threshold: 0.0 influence: 0.0] outAdjList=[12741, 6735, 11178592, 2735631, 67157376, 6503412, 14220606, 380, 51518017, 255617445, 13652832, 883301, 9943672, 14231571, 757502, 180505807]   inAdjList=[22253, 1765921, 8479062, 380, 57739496, 15302100, 16119767, 11178592, 883301, 9943672, 6503412, 20904050, 13652832, 12741, 1186, 14892191, 68824195, 47, 14220606, 67157376, 713263, 757502, 14231571, 40198602, 15540222, 638323]
Vertex 71:9767472    [outDegree: 14 inDegree:7  threshold: 0.0 influence: 0.0] outAdjList=[6253882, 15384741, 17384098, 14305022, 17729005, 1260231, 15304923, 19101100, 17938005, 14749606, 30331404, 22588327, 9283582, 14819149]   inAdjList=[15384741, 17729005, 9283582, 19101100, 14819149, 17938005, 6253882]
Vertex 72:18317233   [outDegree: 7  inDegree:5  threshold: 0.0 influence: 0.0] outAdjList=[14313755, 668423, 20554406, 15911247, 16215038, 9411772, 14086492]   inAdjList=[20554406, 15911247, 14086492, 9411772, 16215038]
Vertex 73:11322372   [outDegree: 9  inDegree:14 threshold: 0.0 influence: 0.0] outAdjList=[14087951, 3191321, 6735, 2735631, 13334762, 174958347, 713263, 662423, 638323]   inAdjList=[713263, 5264791, 662423, 16119767, 19223, 21965123, 174958347, 47, 638323, 1371101, 14305022, 14087951, 13334762, 3191321]
Vertex 74:19479427   [outDegree: 12 inDegree:19 threshold: 0.0 influence: 0.0] outAdjList=[1186, 6735, 10476462, 14819149, 8630562, 652193, 14202711, 22253, 16119767, 5854882, 1260231, 11178592]   inAdjList=[10476462, 8479062, 29294520, 1186, 22253, 14202711, 19094625, 1371101, 14819149, 5854882, 17729005, 47, 15540222, 16119767, 13141442, 13648692, 8630562, 1566521, 6331462]
Vertex 75:25583917   [outDegree: 5  inDegree:1  threshold: 0.0 influence: 0.0] outAdjList=[180505807, 15540222, 17729005, 668423, 22588327]   inAdjList=[17729005]
Vertex 76:15109716   [outDegree: 17 inDegree:3  threshold: 0.0 influence: 0.0] outAdjList=[22253, 2735631, 16317798, 5827292, 7461782, 8866342, 586, 234270825, 10044992, 19966557, 14267393, 17864230, 8003822, 8067082, 15459980, 563200400, 20755177]   inAdjList=[8866342, 7461782, 10044992]
Vertex 77:21196272   [outDegree: 3  inDegree:1  threshold: 0.0 influence: 0.0] outAdjList=[174958347, 5827292, 22084427]   inAdjList=[5827292]
Vertex 78:15166546   [outDegree: 2  inDegree:7  threshold: 0.0 influence: 0.0] outAdjList=[10587552, 8630302]   inAdjList=[13141442, 10587552, 8630562, 8630302, 6001592, 1186, 15775613]
Vertex 79:7821492    [outDegree: 0  inDegree:2  threshold: 0.0 influence: 0.0] outAdjList=[]   inAdjList=[8630562, 10587552]
Vertex 80:198410517  [outDegree: 1  inDegree:2  threshold: 0.0 influence: 0.0] outAdjList=[79033767]   inAdjList=[79033767, 16004268]
Vertex 81:14231571   [outDegree: 12 inDegree:46 threshold: 0.0 influence: 0.0] outAdjList=[663463, 11178592, 9943672, 14178728, 2735631, 652193, 8003822, 636923, 14305022, 16317798, 2727051, 528]   inAdjList=[9283582, 14710479, 18498878, 16803822, 1566521, 15540222, 14178728, 16317798, 79033767, 16004268, 15302100, 15384741, 14305022, 11178592, 179339999, 14471007, 6735, 19223, 528, 16119767, 1186, 14142965, 47, 14220606, 2735631, 761, 40198602, 57378470, 652193, 663463, 14172562, 1765921, 22253, 51123, 6160742, 14163141, 636923, 9943672, 2727051, 14086492, 5854882, 8479062, 8003822, 20904050, 728163, 8866342]
Vertex 82:11178592   [outDegree: 25 inDegree:42 threshold: 0.0 influence: 0.0] outAdjList=[14749606, 51123, 1186, 163449492, 6503412, 79033767, 528, 2727051, 9943672, 663463, 3191321, 14231571, 728163, 8003822, 7415132, 20904050, 636923, 1260231, 14305022, 6735, 51518017, 255617445, 19223, 586, 22253]   inAdjList=[586, 2727051, 3191321, 15384741, 6331462, 728163, 12725022, 9283582, 8479062, 14892191, 20904050, 528, 14142965, 12741, 14231571, 14305022, 16004268, 713263, 16119767, 663463, 14367669, 22253, 67157376, 13652832, 761, 57378470, 51518017, 2735631, 6735, 18498878, 9943672, 19223, 5854882, 16912257, 7415132, 51123, 79033767, 14178728, 1186, 19479427, 17459034, 14163141]
Vertex 83:9611352    [outDegree: 5  inDegree:3  threshold: 0.0 influence: 0.0] outAdjList=[9283582, 15384741, 30331404, 15801446, 17729005]   inAdjList=[15384741, 15801446, 17729005]
Vertex 84:47015938   [outDegree: 0  inDegree:3  threshold: 0.0 influence: 0.0] outAdjList=[]   inAdjList=[761, 14163141, 528]
Vertex 85:1260231    [outDegree: 0  inDegree:46 threshold: 0.0 influence: 0.0] outAdjList=[]   inAdjList=[15639334, 1566521, 8479062, 14367669, 652193, 713263, 47, 16119767, 57378470, 22253, 16004268, 14178728, 14172562, 10476462, 15540222, 9767472, 14305022, 398874773, 663463, 13141442, 179339999, 16912257, 130268655, 668423, 6088382, 662423, 5854882, 1371101, 883301, 12741, 9283582, 14202711, 11178592, 6160742, 13019862, 14710479, 8630562, 19479427, 29294520, 15384741, 1186, 638323, 14087951, 148943, 67157376, 20904050]
Vertex 86:14267393   [outDegree: 3  inDegree:8  threshold: 0.0 influence: 0.0] outAdjList=[174958347, 19966557, 8866342]   inAdjList=[1765921, 14305022, 5827292, 15109716, 22084427, 8866342, 14163141, 40198602]
Vertex 87:10044992   [outDegree: 1  inDegree:1  threshold: 0.0 influence: 0.0] outAdjList=[15109716]   inAdjList=[15109716]
Vertex 88:20496869   [outDegree: 6  inDegree:1  threshold: 0.0 influence: 0.0] outAdjList=[180505807, 51123, 9616792, 2372, 14172562, 22253]   inAdjList=[22253]
Vertex 89:6088382    [outDegree: 25 inDegree:22 threshold: 0.0 influence: 0.0] outAdjList=[15775613, 13462502, 16119767, 487851005, 8630302, 14710479, 12800212, 16353769, 1566521, 8630562, 15639334, 883301, 17937655, 1260231, 14838800, 377821426, 13141442, 6001592, 17129553, 14450509, 29294520, 17245224, 104937383, 10476462, 15819085]   inAdjList=[8630302, 17129553, 487851005, 17245224, 13462502, 14710479, 16353769, 29294520, 15819085, 8630562, 12800212, 883301, 17937655, 16119767, 5854882, 1566521, 10013512, 6001592, 377821426, 15775613, 21965123, 13141442]
Vertex 90:17729005   [outDegree: 17 inDegree:14 threshold: 0.0 influence: 0.0] outAdjList=[10587552, 9767472, 25583917, 6253882, 15801446, 22588327, 17384098, 24340234, 9611352, 15384741, 30331404, 14819149, 19479427, 6001592, 19101100, 9283582, 15304923]   inAdjList=[14819149, 10587552, 6253882, 9767472, 17384098, 25583917, 9283582, 19101100, 24340234, 15384741, 6001592, 9611352, 22588327, 15801446]
Vertex 91:15543818   [outDegree: 1  inDegree:1  threshold: 0.0 influence: 0.0] outAdjList=[19507576]   inAdjList=[19507576]
Vertex 92:17408993   [outDegree: 1  inDegree:9  threshold: 0.0 influence: 0.0] outAdjList=[287713]   inAdjList=[3191321, 528, 586, 5854882, 883301, 9863222, 6160742, 287713, 380]
Vertex 93:14809096   [outDegree: 7  inDegree:5  threshold: 0.0 influence: 0.0] outAdjList=[713263, 13334762, 5813712, 21145764, 163449492, 326658079, 58166411]   inAdjList=[15540222, 326658079, 21145764, 713263, 5813712]
Vertex 94:487851005  [outDegree: 5  inDegree:6  threshold: 0.0 influence: 0.0] outAdjList=[6088382, 15819085, 14838800, 13462502, 377821426]   inAdjList=[6088382, 15819085, 6001592, 8630302, 13462502, 17245224]
Vertex 95:27985216   [outDegree: 11 inDegree:3  threshold: 0.0 influence: 0.0] outAdjList=[8132642, 380, 2372, 14892191, 757502, 652193, 1186, 8708232, 40198602, 180505807, 3191321]   inAdjList=[8708232, 3191321, 2372]
Vertex 96:22253      [outDegree: 44 inDegree:21 threshold: 0.0 influence: 0.0] outAdjList=[12741, 2727051, 1186, 15459980, 6503412, 663463, 761, 22084427, 20755177, 17864230, 15162141, 1260231, 255617445, 51518017, 380, 19479427, 14172562, 652193, 2735631, 12007182, 11178592, 6735, 14087951, 586, 14220606, 8067082, 5854882, 180505807, 16317798, 7415132, 638323, 14231571, 14749606, 528, 98065221, 15775613, 8003822, 51123, 713263, 9943672, 636923, 6687652, 1765921, 20496869]   inAdjList=[14087951, 15109716, 7415132, 638323, 15162141, 728163, 761, 17864230, 19479427, 5854882, 16317798, 12741, 15384741, 20755177, 14172562, 1186, 14220606, 20496869, 68824195, 713263, 11178592]
Vertex 97:16803822   [outDegree: 19 inDegree:6  threshold: 0.0 influence: 0.0] outAdjList=[1186, 14231571, 13648692, 16215038, 728163, 1678471, 20554406, 51518017, 14178728, 14749606, 15583257, 57378470, 12725022, 271605782, 6503412, 9943672, 81962011, 180505807, 883301]   inAdjList=[728163, 16215038, 20554406, 15583257, 12725022, 13648692]
Vertex 98:9943672    [outDegree: 11 inDegree:34 threshold: 0.0 influence: 0.0] outAdjList=[2727051, 14305022, 528, 57739496, 79033767, 11178592, 14749606, 14231571, 51518017, 255617445, 20904050]   inAdjList=[14163141, 20904050, 6331462, 528, 14142965, 3191321, 16912257, 163449492, 761, 11178592, 728163, 19223, 67157376, 1186, 15384741, 13019862, 14231571, 18498878, 16004268, 6735, 12725022, 652193, 51518017, 2727051, 6503412, 16803822, 14178728, 22253, 663463, 14305022, 57739496, 47, 8479062, 17459034]
Vertex 99:183836186  [outDegree: 6  inDegree:8  threshold: 0.0 influence: 0.0] outAdjList=[1678471, 18414485, 16934483, 14819149, 19223, 16007011]   inAdjList=[16934483, 18414485, 18498878, 57378470, 1678471, 16007011, 14819149, 19223]
Vertex 100:14838800   [outDegree: 0  inDegree:11 threshold: 0.0 influence: 0.0] outAdjList=[]   inAdjList=[17245224, 16353769, 13462502, 8630302, 15819085, 8630562, 487851005, 6088382, 17937655, 17129553, 1566521]
Vertex 101:15583257   [outDegree: 29 inDegree:18 threshold: 0.0 influence: 0.0] outAdjList=[380, 17798441, 14367669, 883301, 16803822, 1678471, 15775613, 16934483, 8708232, 14086492, 15187243, 18414485, 174958347, 35357461, 6731422, 51123, 5854882, 563200400, 180505807, 20554406, 5994452, 5634142, 57378470, 17633994, 6368672, 1186, 83971810, 17129553, 19208772]   inAdjList=[6731422, 14367669, 20554406, 883301, 5634142, 174958347, 15187243, 17129553, 16803822, 16934483, 5994452, 19208772, 8708232, 1186, 17633994, 18414485, 1678471, 57378470]
Vertex 102:757502     [outDegree: 3  inDegree:4  threshold: 0.0 influence: 0.0] outAdjList=[2727051, 1765921, 551433993]   inAdjList=[12741, 27985216, 1765921, 2727051]
Vertex 103:6731422    [outDegree: 7  inDegree:5  threshold: 0.0 influence: 0.0] outAdjList=[15583257, 19208772, 5994452, 5634142, 19966557, 57378470, 1678471]   inAdjList=[5634142, 57378470, 19208772, 15583257, 1678471]
Vertex 104:761        [outDegree: 30 inDegree:14 threshold: 0.0 influence: 0.0] outAdjList=[174958347, 5994452, 460693601, 14367669, 62415556, 9943672, 652193, 2735631, 15540222, 47015938, 14087951, 79033767, 22253, 1678471, 11178592, 16317798, 14231571, 57739496, 528, 13334762, 1186, 47, 8708232, 765548, 180505807, 380, 8067082, 662423, 163449492, 6687652]   inAdjList=[8708232, 765548, 22253, 1678471, 1186, 174958347, 5994452, 16317798, 5854882, 47, 14087951, 15540222, 713263, 652193]
Vertex 105:81962011   [outDegree: 0  inDegree:2  threshold: 0.0 influence: 0.0] outAdjList=[]   inAdjList=[883301, 16803822]
Vertex 106:305888449  [outDegree: 0  inDegree:5  threshold: 0.0 influence: 0.0] outAdjList=[]   inAdjList=[1186, 14087951, 67157376, 586, 16119767]
Vertex 107:5854882    [outDegree: 40 inDegree:23 threshold: 0.0 influence: 0.0] outAdjList=[1678471, 17633994, 17408993, 5994452, 14367669, 179339999, 5813712, 2372, 586, 380, 8940282, 6735, 16119767, 22253, 13141442, 1260231, 14202711, 6088382, 8630562, 8479062, 10476462, 19479427, 6331462, 51518017, 765548, 8708232, 6503412, 11178592, 528, 1186, 14231571, 57378470, 652193, 761, 15775613, 883301, 2735631, 19483147, 29294520, 17561826]   inAdjList=[8630562, 1186, 12800212, 14710479, 6331462, 10476462, 1566521, 883301, 13141442, 15775613, 19479427, 22253, 14367669, 10013512, 16119767, 29294520, 8479062, 13839772, 5994452, 15583257, 17633994, 652193, 57378470]
Vertex 108:12081222   [outDegree: 3  inDegree:0  threshold: 0.0 influence: 0.0] outAdjList=[1859981, 14087951, 5813712]   inAdjList=[]
Vertex 109:22588327   [outDegree: 5  inDegree:8  threshold: 0.0 influence: 0.0] outAdjList=[10587552, 255617445, 8708232, 30331404, 17729005]   inAdjList=[130268655, 24340234, 17729005, 17938005, 10587552, 14819149, 9767472, 25583917]
Vertex 110:10587552   [outDegree: 9  inDegree:10 threshold: 0.0 influence: 0.0] outAdjList=[17729005, 15166546, 24340234, 22588327, 883301, 7821492, 8708232, 9283582, 30331404]   inAdjList=[17729005, 24340234, 22588327, 15166546, 883301, 6001592, 1186, 8708232, 130268655, 9283582]
Vertex 111:5436752    [outDegree: 0  inDegree:2  threshold: 0.0 influence: 0.0] outAdjList=[]   inAdjList=[67157376, 62415556]
Vertex 112:16215038   [outDegree: 6  inDegree:4  threshold: 0.0 influence: 0.0] outAdjList=[16803822, 14086492, 9411772, 15911247, 18317233, 180505807]   inAdjList=[16803822, 14086492, 9411772, 18317233]
Vertex 113:13141442   [outDegree: 17 inDegree:15 threshold: 0.0 influence: 0.0] outAdjList=[17129553, 10476462, 15166546, 1566521, 14749606, 10013512, 51518017, 14305022, 5854882, 21965123, 1260231, 8630562, 12800212, 14710479, 19479427, 563200400, 6088382]   inAdjList=[21965123, 1566521, 10013512, 12800212, 17937655, 8630562, 5854882, 10476462, 15540222, 19042640, 6088382, 14710479, 17129553, 16119767, 1371101]
Vertex 114:9616792    [outDegree: 8  inDegree:12 threshold: 0.0 influence: 0.0] outAdjList=[51518017, 12725022, 728163, 12007182, 14172562, 663463, 16734561, 51123]   inAdjList=[883301, 20496869, 9283582, 17384098, 663463, 728163, 19223, 7415132, 14172562, 713263, 12725022, 17245224]
Vertex 115:668423     [outDegree: 10 inDegree:7  threshold: 0.0 influence: 0.0] outAdjList=[180505807, 5813712, 713263, 15540222, 1260231, 1186, 136865608, 13334762, 23771687, 14087951]   inAdjList=[14087951, 663463, 15540222, 18317233, 25583917, 23771687, 713263]
Vertex 116:35357461   [outDegree: 8  inDegree:4  threshold: 0.0 influence: 0.0] outAdjList=[67157376, 1678471, 380, 14904282, 16934483, 180505807, 18974638, 18976476]   inAdjList=[16934483, 18974638, 15583257, 18976476]
Vertex 117:16353769   [outDegree: 8  inDegree:4  threshold: 0.0 influence: 0.0] outAdjList=[13462502, 16119767, 14838800, 6088382, 8630302, 16734561, 17245224, 1678471]   inAdjList=[16119767, 6088382, 13462502, 8630302]
Vertex 118:79033767   [outDegree: 5  inDegree:9  threshold: 0.0 influence: 0.0] outAdjList=[14231571, 198410517, 652193, 20904050, 11178592]   inAdjList=[11178592, 198410517, 761, 9943672, 18498878, 16004268, 14163141, 20904050, 14086492]
Vertex 119:15540222   [outDegree: 23 inDegree:8  threshold: 0.0 influence: 0.0] outAdjList=[14809096, 1186, 14231571, 180505807, 10476462, 14202711, 668423, 17864230, 1371101, 1260231, 5813712, 6735, 13141442, 663463, 638323, 380, 713263, 19479427, 6503412, 14087951, 2727051, 761, 14471007]   inAdjList=[62415556, 326658079, 761, 14087951, 25583917, 668423, 1371101, 663463]
Vertex 120:460693601  [outDegree: 0  inDegree:5  threshold: 0.0 influence: 0.0] outAdjList=[]   inAdjList=[761, 57378470, 586, 17459034, 8940282]
Vertex 121:19223      [outDegree: 23 inDegree:11 threshold: 0.0 influence: 0.0] outAdjList=[14305022, 728163, 7415132, 14749606, 12725022, 9943672, 2735631, 663463, 6368672, 6687652, 14231571, 8067082, 11322372, 14178728, 9616792, 51123, 11178592, 528, 6503412, 6735, 12007182, 14172562, 183836186]   inAdjList=[51123, 8067082, 14178728, 12725022, 183836186, 663463, 728163, 528, 12007182, 11178592, 14172562]
Vertex 122:14202817   [outDegree: 0  inDegree:3  threshold: 0.0 influence: 0.0] outAdjList=[]   inAdjList=[13839772, 713263, 14142965]
Vertex 123:16119767   [outDegree: 29 inDegree:14 threshold: 0.0 influence: 0.0] outAdjList=[8630562, 2727051, 16353769, 29294520, 1260231, 9283582, 883301, 11178592, 13652832, 14231571, 12741, 11322372, 10476462, 17633994, 6088382, 15819085, 14202711, 1566521, 5854882, 51518017, 13141442, 19479427, 586, 13462502, 17129553, 380, 6687652, 305888449, 652193]   inAdjList=[16353769, 9283582, 6088382, 8630562, 10476462, 29294520, 17129553, 5854882, 19479427, 1566521, 15819085, 377821426, 1186, 13462502]
Vertex 124:14142965   [outDegree: 17 inDegree:6  threshold: 0.0 influence: 0.0] outAdjList=[9943672, 174958347, 7415132, 11178592, 6687652, 2735631, 6503412, 14231571, 271605782, 12741, 20554406, 9411772, 14749606, 636923, 255617445, 663463, 14202817]   inAdjList=[174958347, 14086492, 7415132, 20554406, 271605782, 9411772]
Vertex 125:19483147   [outDegree: 0  inDegree:4  threshold: 0.0 influence: 0.0] outAdjList=[]   inAdjList=[20904050, 713263, 1566521, 5854882]
Vertex 126:22229621   [outDegree: 0  inDegree:1  threshold: 0.0 influence: 0.0] outAdjList=[]   inAdjList=[20554406]
Vertex 127:163449492  [outDegree: 2  inDegree:6  threshold: 0.0 influence: 0.0] outAdjList=[14749606, 9943672]   inAdjList=[11178592, 20904050, 14809096, 1566521, 713263, 761]
Vertex 128:13462502   [outDegree: 23 inDegree:17 threshold: 0.0 influence: 0.0] outAdjList=[104937383, 16734561, 15819085, 563200400, 8630302, 29294520, 6088382, 14838800, 8630562, 179339999, 14710479, 17129553, 487851005, 14450509, 3191321, 234270825, 5827292, 14313755, 248049056, 16119767, 16353769, 174958347, 377821426]   inAdjList=[29294520, 377821426, 16353769, 12800212, 8630562, 6088382, 15819085, 17633994, 8630302, 487851005, 883301, 3191321, 174958347, 17245224, 16119767, 14710479, 17129553]
Vertex 129:7415132    [outDegree: 13 inDegree:13 threshold: 0.0 influence: 0.0] outAdjList=[14172562, 2735631, 636923, 8866342, 663463, 51518017, 22253, 14142965, 51123, 9616792, 11178592, 248049056, 528]   inAdjList=[528, 19223, 14142965, 8866342, 663463, 728163, 11178592, 51123, 22253, 8479062, 14172562, 47, 14178728]
Vertex 130:1566521    [outDegree: 34 inDegree:13 threshold: 0.0 influence: 0.0] outAdjList=[1260231, 14231571, 14819149, 17129553, 5994452, 179339999, 713263, 5854882, 174958347, 13141442, 8630562, 5634142, 12800212, 14749606, 163449492, 29294520, 10476462, 13334762, 19042640, 14450509, 14202711, 6001592, 16119767, 180505807, 6088382, 14367669, 380, 14710479, 14313755, 1371101, 19483147, 10013512, 14838800, 19479427]   inAdjList=[13141442, 29294520, 8630562, 5994452, 10476462, 12800212, 6088382, 16119767, 14710479, 1371101, 19042640, 10013512, 6001592]
Vertex 131:17245224   [outDegree: 14 inDegree:6  threshold: 0.0 influence: 0.0] outAdjList=[14838800, 30331404, 17937655, 6088382, 377821426, 15819085, 234270825, 8630562, 13462502, 487851005, 16734561, 14313755, 9616792, 8630302]   inAdjList=[17937655, 8630302, 15819085, 8630562, 6088382, 16353769]
Vertex 132:10476462   [outDegree: 16 inDegree:23 threshold: 0.0 influence: 0.0] outAdjList=[606083, 13334762, 19479427, 1371101, 1566521, 5854882, 16119767, 1260231, 652193, 14202711, 380, 180505807, 13141442, 14749606, 8630562, 14367669]   inAdjList=[13141442, 380, 14202711, 3191321, 1186, 15540222, 19479427, 6331462, 5634142, 14367669, 16119767, 8479062, 8630562, 10013512, 652193, 1566521, 5854882, 662423, 1371101, 180505807, 14710479, 179339999, 6088382]
Vertex 133:17864230   [outDegree: 12 inDegree:16 threshold: 0.0 influence: 0.0] outAdjList=[528, 20755177, 8067082, 15459980, 51123, 8866342, 22253, 174958347, 8003822, 14172562, 662423, 22084427]   inAdjList=[9283582, 22253, 20755177, 15540222, 8003822, 662423, 17459034, 528, 19327052, 8866342, 14172562, 15109716, 15459980, 16317798, 51123, 8067082]
Vertex 134:7899982    [outDegree: 0  inDegree:1  threshold: 0.0 influence: 0.0] outAdjList=[]   inAdjList=[13927832]
Vertex 135:6160742    [outDegree: 18 inDegree:22 threshold: 0.0 influence: 0.0] outAdjList=[29294520, 47, 174958347, 179339999, 563200400, 8479062, 14202711, 1186, 380, 713263, 17408993, 652193, 586, 1260231, 14231571, 287713, 9863222, 528]   inAdjList=[17561826, 765548, 14367669, 287713, 47, 14305022, 6001592, 29294520, 14087951, 9863222, 179339999, 1186, 586, 528, 652193, 40198602, 8479062, 62415556, 13839772, 380, 713263, 883301]
Vertex 136:14904282   [outDegree: 6  inDegree:2  threshold: 0.0 influence: 0.0] outAdjList=[22084427, 14202711, 19507576, 19966557, 586, 180505807]   inAdjList=[19507576, 35357461]
Vertex 137:15302100   [outDegree: 10 inDegree:3  threshold: 0.0 influence: 0.0] outAdjList=[40198602, 2727051, 380, 883301, 67157376, 51518017, 14231571, 6503412, 180505807, 68824195]   inAdjList=[883301, 19094625, 67157376]
Vertex 138:19094625   [outDegree: 11 inDegree:1  threshold: 0.0 influence: 0.0] outAdjList=[165964253, 765548, 62415556, 14202711, 180505807, 136865608, 19479427, 380, 179339999, 15302100, 13334762]   inAdjList=[57378470]
Vertex 139:2372       [outDegree: 2  inDegree:4  threshold: 0.0 influence: 0.0] outAdjList=[6687652, 27985216]   inAdjList=[27985216, 5854882, 20496869, 13839772]
Vertex 140:17938005   [outDegree: 5  inDegree:4  threshold: 0.0 influence: 0.0] outAdjList=[22588327, 9767472, 9283582, 14819149, 8708232]   inAdjList=[9283582, 14819149, 9767472, 8708232]
Vertex 141:14749606   [outDegree: 0  inDegree:31 threshold: 0.0 influence: 0.0] outAdjList=[]   inAdjList=[18498878, 11178592, 163449492, 13141442, 67157376, 19223, 14163141, 713263, 51518017, 20904050, 1566521, 16803822, 326658079, 663463, 1186, 14819149, 8630302, 10476462, 15725851, 16004268, 14142965, 14202711, 14892191, 9767472, 22253, 9943672, 13652832, 14367669, 5813712, 12741, 16912257]
Vertex 142:14172562   [outDegree: 31 inDegree:16 threshold: 0.0 influence: 0.0] outAdjList=[12725022, 528, 2735631, 6503412, 14, 14819149, 1260231, 8067082, 22084427, 8003822, 652193, 14231571, 15459980, 9616792, 17864230, 586, 51123, 22253, 174958347, 14178728, 47, 14087951, 713263, 765548, 234270825, 728163, 7415132, 638323, 19223, 6735, 12007182]   inAdjList=[7415132, 12725022, 51123, 12007182, 728163, 14819149, 528, 22253, 20496869, 8940282, 9616792, 2735631, 713263, 8067082, 17864230, 19223]
Vertex 143:20904050   [outDegree: 30 inDegree:7  threshold: 0.0 influence: 0.0] outAdjList=[636923, 9943672, 13019862, 68824195, 9283582, 19483147, 11178592, 6503412, 14305022, 163449492, 14749606, 180505807, 2727051, 6368672, 174958347, 8479062, 51518017, 58166411, 380, 79033767, 15384741, 6687652, 57739496, 663463, 75939851, 528, 14231571, 652193, 2735631, 1260231]   inAdjList=[8479062, 13019862, 14305022, 68824195, 11178592, 79033767, 9943672]
Vertex 144:13927832   [outDegree: 1  inDegree:0  threshold: 0.0 influence: 0.0] outAdjList=[7899982]   inAdjList=[]
Vertex 145:23771687   [outDegree: 1  inDegree:1  threshold: 0.0 influence: 0.0] outAdjList=[668423]   inAdjList=[668423]
Vertex 146:13839772   [outDegree: 8  inDegree:2  threshold: 0.0 influence: 0.0] outAdjList=[6331462, 58166411, 2372, 17129553, 14202817, 5854882, 6160742, 3191321]   inAdjList=[17129553, 3191321]
Vertex 147:16934483   [outDegree: 8  inDegree:3  threshold: 0.0 influence: 0.0] outAdjList=[35357461, 180505807, 183836186, 380, 19208772, 14892191, 652193, 15583257]   inAdjList=[183836186, 15583257, 35357461]
Vertex 148:18248772   [outDegree: 4  inDegree:1  threshold: 0.0 influence: 0.0] outAdjList=[12800212, 1678471, 20221130, 58166411]   inAdjList=[12800212]
Vertex 149:398874773  [outDegree: 2  inDegree:0  threshold: 0.0 influence: 0.0] outAdjList=[652193, 1260231]   inAdjList=[]
Vertex 150:51518017   [outDegree: 10 inDegree:36 threshold: 0.0 influence: 0.0] outAdjList=[6735, 14305022, 14749606, 11178592, 6687652, 287713, 9943672, 6503412, 586, 255617445]   inAdjList=[255617445, 14163141, 3191321, 7415132, 16912257, 14367669, 16004268, 13141442, 12725022, 1186, 14305022, 15302100, 9616792, 22253, 6735, 883301, 16803822, 6503412, 586, 13652832, 728163, 12741, 2727051, 20904050, 9283582, 662423, 5854882, 16119767, 17459034, 8479062, 9943672, 11178592, 636923, 15384741, 663463, 652193]
Vertex 151:17129553   [outDegree: 16 inDegree:14 threshold: 0.0 influence: 0.0] outAdjList=[13839772, 17633994, 6088382, 8630302, 20554406, 16119767, 15583257, 1678471, 14710479, 13141442, 83971810, 14450509, 20221130, 14838800, 380, 13462502]   inAdjList=[13141442, 17384098, 1566521, 12800212, 1678471, 13462502, 13839772, 883301, 20554406, 14710479, 6088382, 16119767, 8630562, 15583257]
Vertex 152:136865608  [outDegree: 2  inDegree:6  threshold: 0.0 influence: 0.0] outAdjList=[155696919, 353101127]   inAdjList=[19094625, 20755177, 668423, 353101127, 155696919, 109186893]
Vertex 153:19208772   [outDegree: 10 inDegree:9  threshold: 0.0 influence: 0.0] outAdjList=[14367669, 57378470, 15187243, 5994452, 6731422, 14892191, 1678471, 83971810, 5634142, 15583257]   inAdjList=[6731422, 16934483, 1678471, 18414485, 5994452, 57378470, 5634142, 15187243, 15583257]
Vertex 154:6253882    [outDegree: 10 inDegree:8  threshold: 0.0 influence: 0.0] outAdjList=[19101100, 21965123, 17729005, 9283582, 17384098, 15384741, 14819149, 15304923, 9767472, 30331404]   inAdjList=[9767472, 17729005, 19101100, 14819149, 21965123, 9283582, 17384098, 15384741]
Vertex 155:174958347  [outDegree: 20 inDegree:35 threshold: 0.0 influence: 0.0] outAdjList=[287713, 22084427, 57378470, 14142965, 6331462, 15583257, 8479062, 14178728, 11322372, 15819085, 377821426, 6735, 13462502, 19042640, 761, 6503412, 586, 1678471, 662423, 21965123]   inAdjList=[761, 6160742, 19042640, 21196272, 14142965, 8479062, 234270825, 1566521, 586, 377821426, 287713, 21965123, 14267393, 17864230, 1765921, 6735, 1678471, 652193, 20554406, 6331462, 20904050, 1859981, 57378470, 15819085, 11322372, 15583257, 16912257, 14710479, 14178728, 8003822, 14172562, 6503412, 22084427, 13462502, 5264791]
Vertex 156:326658079  [outDegree: 9  inDegree:3  threshold: 0.0 influence: 0.0] outAdjList=[14809096, 15540222, 8479062, 14749606, 180505807, 636923, 5813712, 13334762, 713263]   inAdjList=[14086492, 14809096, 9863222]
Vertex 157:248049056  [outDegree: 0  inDegree:7  threshold: 0.0 influence: 0.0] outAdjList=[]   inAdjList=[12544312, 18414485, 14163141, 6001592, 8630302, 13462502, 7415132]
Vertex 158:19327052   [outDegree: 5  inDegree:1  threshold: 0.0 influence: 0.0] outAdjList=[15459980, 17864230, 14163141, 16317798, 2735631]   inAdjList=[16317798]
Vertex 159:19966557   [outDegree: 0  inDegree:16 threshold: 0.0 influence: 0.0] outAdjList=[]   inAdjList=[1678471, 551433993, 29294520, 33633793, 15775613, 6331462, 6731422, 528, 15109716, 14267393, 8630562, 14904282, 12741, 3191321, 8866342, 22084427]
Vertex 160:14367669   [outDegree: 29 inDegree:19 threshold: 0.0 influence: 0.0] outAdjList=[652193, 9863222, 16007011, 6160742, 8479062, 15583257, 51518017, 1260231, 179339999, 6331462, 1186, 883301, 10476462, 3191321, 14305022, 11178592, 528, 30331404, 5854882, 15775613, 14202711, 586, 380, 15162141, 14749606, 5994452, 17633994, 62415556, 2735631]   inAdjList=[15583257, 19208772, 14305022, 761, 5994452, 5854882, 16007011, 652193, 14710479, 1186, 883301, 1678471, 17633994, 15775613, 15162141, 1566521, 10476462, 8630562, 8479062]
Vertex 161:14178728   [outDegree: 24 inDegree:17 threshold: 0.0 influence: 0.0] outAdjList=[20755177, 8003822, 713263, 15459980, 14231571, 179339999, 8067082, 12007182, 1260231, 19223, 13334762, 663463, 51123, 2735631, 5994452, 174958347, 9943672, 11178592, 7415132, 662423, 728163, 6735, 255617445, 528]   inAdjList=[8479062, 2735631, 20755177, 12725022, 15459980, 14231571, 16803822, 174958347, 19223, 8003822, 12007182, 14172562, 5994452, 662423, 51123, 728163, 6735]
Vertex 162:487072890  [outDegree: 0  inDegree:3  threshold: 0.0 influence: 0.0] outAdjList=[]   inAdjList=[67157376, 14220606, 883301]
Vertex 163:9283582    [outDegree: 27 inDegree:15 threshold: 0.0 influence: 0.0] outAdjList=[14231571, 16119767, 17938005, 51123, 17864230, 11178592, 17384098, 9616792, 15304923, 9767472, 663463, 15801446, 2735631, 15384741, 14305022, 51518017, 19101100, 14819149, 6253882, 17729005, 8708232, 1260231, 636923, 6735, 10587552, 728163, 6503412]   inAdjList=[9611352, 20904050, 8708232, 16119767, 19101100, 14305022, 15384741, 17384098, 6253882, 17938005, 14819149, 17729005, 15801446, 10587552, 9767472]
Vertex 164:638323     [outDegree: 13 inDegree:7  threshold: 0.0 influence: 0.0] outAdjList=[2735631, 13334762, 22253, 713263, 14087951, 155696919, 14471007, 11322372, 563200400, 1260231, 6503412, 2727051, 109186893]   inAdjList=[13334762, 22253, 14087951, 15540222, 713263, 14172562, 11322372]
Vertex 165:380        [outDegree: 15 inDegree:44 threshold: 0.0 influence: 0.0] outAdjList=[2727051, 10476462, 14, 652193, 180505807, 13652832, 40198602, 1765921, 12741, 6735, 883301, 6160742, 17408993, 586, 179339999]   inAdjList=[47, 15583257, 883301, 6735, 12741, 8708232, 83971810, 27985216, 3191321, 17459034, 15302100, 35357461, 16912257, 16934483, 13652832, 180505807, 5854882, 8479062, 22253, 14202711, 14220606, 19094625, 2727051, 10476462, 6160742, 68824195, 14, 57378470, 586, 20904050, 1186, 15540222, 14367669, 67157376, 6331462, 761, 16119767, 1566521, 17129553, 40198602, 287713, 652193, 9863222, 713263]
Vertex 166:62415556   [outDegree: 7  inDegree:6  threshold: 0.0 influence: 0.0] outAdjList=[15540222, 586, 67157376, 5436752, 8940282, 6160742, 14202711]   inAdjList=[19094625, 761, 13652832, 67157376, 8940282, 14367669]
Vertex 167:67157376   [outDegree: 24 inDegree:11 threshold: 0.0 influence: 0.0] outAdjList=[13652832, 16004268, 14749606, 14220606, 104937383, 9943672, 5436752, 883301, 15236339, 12741, 11178592, 305888449, 487072890, 586, 62415556, 180505807, 6001592, 5813712, 652193, 380, 15302100, 728163, 2727051, 1260231]   inAdjList=[35357461, 40198602, 62415556, 15302100, 2727051, 883301, 14220606, 57378470, 13652832, 728163, 8479062]
Vertex 168:14471007   [outDegree: 9  inDegree:10 threshold: 0.0 influence: 0.0] outAdjList=[360882965, 40198602, 1678471, 8708232, 5994452, 713263, 14231571, 528, 29294520]   inAdjList=[5994452, 8708232, 47, 40198602, 528, 638323, 713263, 29294520, 1678471, 15540222]
Vertex 169:12544312   [outDegree: 4  inDegree:0  threshold: 0.0 influence: 0.0] outAdjList=[248049056, 5827292, 180505807, 22084427]   inAdjList=[]
Vertex 170:5813712    [outDegree: 4  inDegree:14 threshold: 0.0 influence: 0.0] outAdjList=[713263, 13334762, 14749606, 14809096]   inAdjList=[14087951, 713263, 14809096, 668423, 5854882, 47, 15540222, 21965123, 67157376, 663463, 326658079, 3191321, 21145764, 12081222]
Vertex 171:14086492   [outDegree: 14 inDegree:6  threshold: 0.0 influence: 0.0] outAdjList=[13334762, 148943, 326658079, 18317233, 14142965, 20554406, 15911247, 14313755, 16215038, 9411772, 636923, 14231571, 79033767, 271605782]   inAdjList=[15911247, 9411772, 16215038, 15583257, 271605782, 18317233]
Vertex 172:606083     [outDegree: 1  inDegree:3  threshold: 0.0 influence: 0.0] outAdjList=[15236339]   inAdjList=[15236339, 10476462, 21145764]
Vertex 173:15775613   [outDegree: 8  inDegree:9  threshold: 0.0 influence: 0.0] outAdjList=[6331462, 19966557, 5854882, 15166546, 14367669, 883301, 8630562, 6088382]   inAdjList=[6088382, 883301, 15583257, 14367669, 29294520, 22253, 6331462, 5854882, 8630562]
Vertex 174:5994452    [outDegree: 18 inDegree:19 threshold: 0.0 influence: 0.0] outAdjList=[14471007, 18414485, 1566521, 14367669, 17798441, 19208772, 14305022, 15583257, 5634142, 761, 1656891, 662423, 1678471, 5854882, 14178728, 14710479, 57378470, 51123]   inAdjList=[57378470, 761, 14710479, 19208772, 1186, 1566521, 14471007, 5854882, 1656891, 6731422, 662423, 51123, 1678471, 14178728, 18414485, 14367669, 5634142, 15583257, 17798441]
Vertex 175:14202711   [outDegree: 7  inDegree:21 threshold: 0.0 influence: 0.0] outAdjList=[180505807, 10476462, 19479427, 380, 6331462, 1260231, 14749606]   inAdjList=[19094625, 586, 652193, 15540222, 19479427, 10476462, 180505807, 6160742, 14904282, 16119767, 5854882, 1566521, 1186, 57378470, 29294520, 14367669, 8479062, 3191321, 62415556, 6331462, 179339999]
Vertex 176:14450509   [outDegree: 0  inDegree:14 threshold: 0.0 influence: 0.0] outAdjList=[]   inAdjList=[12800212, 17937655, 377821426, 8630302, 6001592, 13462502, 1566521, 8630562, 10013512, 17633994, 6088382, 17129553, 15819085, 29294520]
Vertex 177:1859981    [outDegree: 1  inDegree:3  threshold: 0.0 influence: 0.0] outAdjList=[174958347]   inAdjList=[12081222, 68824195, 1186]
Vertex 178:6503412    [outDegree: 13 inDegree:26 threshold: 0.0 influence: 0.0] outAdjList=[8067082, 8003822, 2735631, 2727051, 51518017, 1186, 6735, 663463, 9943672, 6687652, 255617445, 174958347, 528]   inAdjList=[6735, 22253, 12725022, 1186, 14172562, 11178592, 728163, 528, 20904050, 2727051, 14142965, 14220606, 51123, 663463, 2735631, 15302100, 16803822, 5854882, 51518017, 15540222, 19223, 174958347, 9283582, 638323, 14892191, 13019862]
Vertex 179:16007011   [outDegree: 8  inDegree:8  threshold: 0.0 influence: 0.0] outAdjList=[255617445, 14367669, 21965123, 13538092, 183836186, 14892191, 1678471, 17561826]   inAdjList=[14367669, 1678471, 57378470, 21965123, 13538092, 47, 6001592, 183836186]
Vertex 180:57739496   [outDegree: 2  inDegree:6  threshold: 0.0 influence: 0.0] outAdjList=[2727051, 9943672]   inAdjList=[14163141, 761, 9943672, 713263, 20904050, 528]
Vertex 181:662423     [outDegree: 13 inDegree:11 threshold: 0.0 influence: 0.0] outAdjList=[11322372, 528, 5994452, 51123, 17864230, 1260231, 51518017, 10476462, 6735, 652193, 14178728, 13019862, 8479062]   inAdjList=[528, 652193, 6735, 13019862, 51123, 5994452, 17864230, 14178728, 11322372, 761, 174958347]
Vertex 182:16317798   [outDegree: 6  inDegree:6  threshold: 0.0 influence: 0.0] outAdjList=[14231571, 22253, 17864230, 761, 19327052, 8067082]   inAdjList=[15109716, 8866342, 761, 22253, 19327052, 14231571]
Vertex 183:16734561   [outDegree: 0  inDegree:5  threshold: 0.0 influence: 0.0] outAdjList=[]   inAdjList=[13462502, 8630302, 17245224, 16353769, 9616792]
Vertex 184:20554406   [outDegree: 13 inDegree:11 threshold: 0.0 influence: 0.0] outAdjList=[5634142, 9411772, 15911247, 18317233, 16803822, 271605782, 15583257, 14142965, 1678471, 174958347, 17129553, 57378470, 22229621]   inAdjList=[5634142, 14086492, 17129553, 16803822, 1678471, 9411772, 14142965, 57378470, 18317233, 15911247, 15583257]
Vertex 185:234270825  [outDegree: 3  inDegree:10 threshold: 0.0 influence: 0.0] outAdjList=[22084427, 174958347, 8067082]   inAdjList=[15109716, 16461070, 8067082, 22084427, 17245224, 14163141, 104937383, 13462502, 14172562, 8630562]
Vertex 186:8630562    [outDegree: 32 inDegree:22 threshold: 0.0 influence: 0.0] outAdjList=[19042640, 13462502, 5854882, 12800212, 16119767, 1566521, 14710479, 6088382, 15166546, 14838800, 10476462, 13141442, 6001592, 19966557, 7821492, 883301, 14450509, 17937655, 255617445, 8630302, 1260231, 29294520, 21965123, 17245224, 180505807, 234270825, 17129553, 15775613, 15819085, 19479427, 14367669, 10013512]   inAdjList=[14710479, 16119767, 21965123, 13462502, 19479427, 13648692, 1566521, 6088382, 8630302, 15819085, 17937655, 5854882, 10013512, 13141442, 17245224, 10476462, 6001592, 19042640, 15775613, 883301, 12800212, 29294520]
Vertex 187:652193     [outDegree: 28 inDegree:40 threshold: 0.0 influence: 0.0] outAdjList=[2735631, 1186, 6331462, 14305022, 1260231, 14202711, 16461070, 14367669, 662423, 15639334, 174958347, 287713, 180505807, 10476462, 14231571, 3191321, 9943672, 8479062, 17633994, 6160742, 883301, 528, 6735, 5854882, 380, 586, 51518017, 761]   inAdjList=[398874773, 14367669, 380, 761, 15384741, 16912257, 68824195, 19479427, 22253, 10476462, 15639334, 27985216, 16934483, 14172562, 8479062, 14231571, 3191321, 79033767, 17633994, 40198602, 2735631, 6160742, 14305022, 13652832, 586, 1186, 662423, 67157376, 528, 10013512, 16461070, 6735, 883301, 6331462, 5854882, 14087951, 179339999, 20904050, 16119767, 17459034]
Vertex 188:17384098   [outDegree: 12 inDegree:8  threshold: 0.0 influence: 0.0] outAdjList=[15384741, 17129553, 15304923, 9616792, 17729005, 9283582, 883301, 30331404, 19101100, 15801446, 14819149, 6253882]   inAdjList=[15384741, 19101100, 9767472, 9283582, 17729005, 14819149, 6253882, 15801446]
Vertex 189:663463     [outDegree: 23 inDegree:21 threshold: 0.0 influence: 0.0] outAdjList=[728163, 6735, 528, 668423, 713263, 11178592, 12725022, 7415132, 9616792, 1260231, 14749606, 636923, 6503412, 14231571, 6687652, 15540222, 5813712, 19223, 51123, 255617445, 9943672, 13334762, 51518017]   inAdjList=[713263, 14231571, 22253, 12725022, 7415132, 636923, 51123, 6735, 528, 16004268, 11178592, 19223, 9283582, 14178728, 6503412, 15540222, 9616792, 728163, 20904050, 14142965, 8479062]
Vertex 190:40198602   [outDegree: 19 inDegree:11 threshold: 0.0 influence: 0.0] outAdjList=[67157376, 12741, 29294520, 13652832, 586, 1678471, 8479062, 360882965, 14231571, 14471007, 883301, 652193, 180505807, 353101127, 6160742, 380, 14220606, 2727051, 14267393]   inAdjList=[13652832, 8479062, 15302100, 14471007, 14220606, 883301, 29294520, 180505807, 380, 12741, 27985216]
Vertex 191:14819149   [outDegree: 18 inDegree:14 threshold: 0.0 influence: 0.0] outAdjList=[180505807, 17729005, 15384741, 14172562, 24340234, 6253882, 8708232, 9767472, 22588327, 17384098, 17938005, 14749606, 19479427, 9283582, 19101100, 30331404, 183836186, 15304923]   inAdjList=[1566521, 68824195, 19101100, 19479427, 14172562, 183836186, 9283582, 17729005, 17938005, 6253882, 15384741, 8708232, 17384098, 9767472]
Vertex 192:13652832   [outDegree: 18 inDegree:11 threshold: 0.0 influence: 0.0] outAdjList=[40198602, 1678471, 8708232, 12741, 380, 586, 287713, 62415556, 883301, 11178592, 51518017, 563200400, 2727051, 180505807, 652193, 67157376, 1186, 14749606]   inAdjList=[67157376, 12741, 16119767, 380, 40198602, 14220606, 16912257, 1186, 2727051, 8708232, 883301]
Vertex 193:51123      [outDegree: 24 inDegree:24 threshold: 0.0 influence: 0.0] outAdjList=[14172562, 528, 15459980, 19223, 663463, 8067082, 255617445, 12007182, 713263, 636923, 5994452, 6503412, 6735, 13334762, 2735631, 7415132, 20755177, 662423, 8003822, 728163, 14231571, 11178592, 17864230, 14178728]   inAdjList=[20496869, 6735, 11178592, 16004268, 9283582, 17864230, 8067082, 662423, 7415132, 713263, 14178728, 528, 12007182, 19223, 20755177, 14172562, 22253, 663463, 15583257, 12725022, 57378470, 9616792, 5994452, 728163]
Vertex 194:12007182   [outDegree: 6  inDegree:7  threshold: 0.0 influence: 0.0] outAdjList=[728163, 14172562, 8067082, 51123, 14178728, 19223]   inAdjList=[728163, 14178728, 51123, 22253, 9616792, 19223, 14172562]
Vertex 195:15819085   [outDegree: 19 inDegree:14 threshold: 0.0 influence: 0.0] outAdjList=[14313755, 13462502, 21965123, 29294520, 19042640, 487851005, 6088382, 17937655, 14838800, 377821426, 8630562, 255617445, 17245224, 6001592, 174958347, 180505807, 16119767, 8630302, 14450509]   inAdjList=[13462502, 6001592, 21965123, 29294520, 19042640, 487851005, 8630302, 174958347, 16119767, 17245224, 17937655, 377821426, 8630562, 6088382]
Vertex 196:15911247   [outDegree: 5  inDegree:6  threshold: 0.0 influence: 0.0] outAdjList=[14086492, 9411772, 18317233, 148943, 20554406]   inAdjList=[20554406, 14086492, 148943, 16215038, 18317233, 9411772]
Vertex 197:14313755   [outDegree: 0  inDegree:6  threshold: 0.0 influence: 0.0] outAdjList=[]   inAdjList=[15819085, 14086492, 18317233, 13462502, 17245224, 1566521]
Vertex 198:6368672    [outDegree: 0  inDegree:3  threshold: 0.0 influence: 0.0] outAdjList=[]   inAdjList=[19223, 20904050, 15583257]
Vertex 199:6687652    [outDegree: 0  inDegree:19 threshold: 0.0 influence: 0.0] outAdjList=[]   inAdjList=[2372, 14142965, 12725022, 19223, 1186, 1765921, 6735, 663463, 16912257, 51518017, 13019862, 14163141, 6503412, 20904050, 16119767, 22253, 12741, 636923, 761]
Vertex 200:30331404   [outDegree: 1  inDegree:15 threshold: 0.0 influence: 0.0] outAdjList=[15801446]   inAdjList=[17245224, 5634142, 6331462, 29294520, 10013512, 9611352, 14367669, 17384098, 17729005, 22588327, 9767472, 18498878, 10587552, 14819149, 6253882]
Vertex 201:12741      [outDegree: 18 inDegree:15 threshold: 0.0 influence: 0.0] outAdjList=[380, 180505807, 757502, 13652832, 11178592, 51518017, 22253, 1186, 1260231, 1765921, 2727051, 14892191, 19966557, 40198602, 14220606, 68824195, 14749606, 6687652]   inAdjList=[22253, 2727051, 13652832, 17459034, 40198602, 16119767, 67157376, 1186, 14142965, 180505807, 14220606, 380, 68824195, 15384741, 57378470]
Vertex 202:17633994   [outDegree: 9  inDegree:10 threshold: 0.0 influence: 0.0] outAdjList=[1678471, 883301, 13462502, 14710479, 652193, 15583257, 14367669, 14450509, 5854882]   inAdjList=[17129553, 14710479, 5854882, 16119767, 883301, 1678471, 15384741, 652193, 14367669, 15583257]
Vertex 203:5264791    [outDegree: 4  inDegree:0  threshold: 0.0 influence: 0.0] outAdjList=[11322372, 13334762, 563200400, 174958347]   inAdjList=[]
Vertex 204:15639334   [outDegree: 3  inDegree:4  threshold: 0.0 influence: 0.0] outAdjList=[1260231, 652193, 13334762]   inAdjList=[8479062, 16004268, 652193, 6088382]
Vertex 205:1371101    [outDegree: 10 inDegree:6  threshold: 0.0 influence: 0.0] outAdjList=[13334762, 14710479, 19479427, 1260231, 15540222, 11322372, 10476462, 17937655, 1566521, 13141442]   inAdjList=[14710479, 10476462, 17937655, 15540222, 16004268, 1566521]
Vertex 206:15187243   [outDegree: 6  inDegree:5  threshold: 0.0 influence: 0.0] outAdjList=[5634142, 15583257, 180505807, 19208772, 18414485, 1678471]   inAdjList=[5634142, 19208772, 18414485, 15583257, 1678471]
Vertex 207:57378470   [outDegree: 35 inDegree:15 threshold: 0.0 influence: 0.0] outAdjList=[19094625, 5994452, 1678471, 180505807, 563200400, 1260231, 16912257, 460693601, 15162141, 6731422, 5634142, 8479062, 67157376, 11178592, 883301, 174958347, 183836186, 14231571, 2735631, 16007011, 1186, 19208772, 14202711, 380, 255617445, 6735, 20554406, 1765921, 586, 51123, 15583257, 18498878, 12741, 5854882, 360882965]   inAdjList=[883301, 18498878, 19208772, 174958347, 16912257, 6731422, 15162141, 16803822, 14710479, 1678471, 20554406, 5854882, 5994452, 8479062, 15583257]
Vertex 208:148943     [outDegree: 2  inDegree:2  threshold: 0.0 influence: 0.0] outAdjList=[15911247, 1260231]   inAdjList=[14086492, 15911247]
Vertex 209:109186893  [outDegree: 2  inDegree:3  threshold: 0.0 influence: 0.0] outAdjList=[155696919, 136865608]   inAdjList=[353101127, 155696919, 638323]
Vertex 210:10013512   [outDegree: 17 inDegree:7  threshold: 0.0 influence: 0.0] outAdjList=[19042640, 12800212, 13141442, 30331404, 10476462, 29294520, 14710479, 5854882, 8630562, 14450509, 180505807, 6088382, 586, 652193, 15801446, 21965123, 1566521]   inAdjList=[13141442, 15801446, 14710479, 29294520, 12800212, 1566521, 8630562]
Vertex 211:20755177   [outDegree: 10 inDegree:9  threshold: 0.0 influence: 0.0] outAdjList=[14178728, 6735, 17864230, 8003822, 136865608, 51123, 22253, 15459980, 2735631, 8067082]   inAdjList=[14178728, 8067082, 17864230, 22253, 15459980, 51123, 6735, 2735631, 15109716]
Vertex 212:8479062    [outDegree: 39 inDegree:17 threshold: 0.0 influence: 0.0] outAdjList=[40198602, 2727051, 14178728, 15639334, 1260231, 728163, 11178592, 165964253, 6331462, 19479427, 14710479, 174958347, 586, 380, 180505807, 20904050, 2735631, 10476462, 14, 16912257, 652193, 14892191, 5854882, 14202711, 51518017, 8003822, 6160742, 528, 14231571, 14305022, 6735, 7415132, 57378470, 29294520, 9863222, 67157376, 663463, 9943672, 14367669]   inAdjList=[14305022, 1186, 179339999, 14367669, 6160742, 6331462, 174958347, 326658079, 40198602, 528, 57378470, 20904050, 5854882, 652193, 29294520, 662423, 14163141]
Vertex 213:551433993  [outDegree: 1  inDegree:4  threshold: 0.0 influence: 0.0] outAdjList=[19966557]   inAdjList=[22084427, 586, 8067082, 757502]
Vertex 214:14087951   [outDegree: 19 inDegree:10 threshold: 0.0 influence: 0.0] outAdjList=[22253, 668423, 5813712, 1186, 15540222, 13334762, 6160742, 21145764, 305888449, 586, 22084427, 638323, 47, 713263, 11322372, 652193, 1260231, 761, 563200400]   inAdjList=[21145764, 11322372, 761, 638323, 713263, 22253, 12081222, 14172562, 15540222, 668423]
Vertex 215:12725022   [outDegree: 16 inDegree:8  threshold: 0.0 influence: 0.0] outAdjList=[14172562, 728163, 663463, 6503412, 11178592, 528, 16803822, 14178728, 51518017, 6687652, 14305022, 9943672, 19223, 51123, 6735, 9616792]   inAdjList=[14305022, 14172562, 728163, 19223, 663463, 9616792, 16803822, 6735]
Vertex 216:91443374   [outDegree: 0  inDegree:1  threshold: 0.0 influence: 0.0] outAdjList=[]   inAdjList=[883301]
Vertex 217:13538092   [outDegree: 1  inDegree:2  threshold: 0.0 influence: 0.0] outAdjList=[16007011]   inAdjList=[1678471, 16007011]
Vertex 218:6001592    [outDegree: 22 inDegree:13 threshold: 0.0 influence: 0.0] outAdjList=[8630302, 130268655, 765548, 3191321, 6160742, 15819085, 10587552, 487851005, 9863222, 14450509, 165964253, 377821426, 15166546, 47, 248049056, 8630562, 6088382, 29294520, 16007011, 17729005, 12800212, 1566521]   inAdjList=[12800212, 3191321, 47, 15819085, 8630302, 8630562, 29294520, 1566521, 765548, 67157376, 17729005, 6088382, 9863222]
Vertex 219:83971810   [outDegree: 1  inDegree:7  threshold: 0.0 influence: 0.0] outAdjList=[380]   inAdjList=[17459034, 18498878, 19208772, 883301, 17129553, 15583257, 1186]
Vertex 220:13648692   [outDegree: 4  inDegree:2  threshold: 0.0 influence: 0.0] outAdjList=[8630562, 16803822, 636923, 19479427]   inAdjList=[16803822, 271605782]
Vertex 221:287713     [outDegree: 10 inDegree:11 threshold: 0.0 influence: 0.0] outAdjList=[6160742, 22084427, 104937383, 174958347, 16461070, 3191321, 17408993, 586, 380, 6331462]   inAdjList=[174958347, 16461070, 13652832, 3191321, 6331462, 652193, 586, 51518017, 6160742, 17408993, 16912257]
Vertex 222:104937383  [outDegree: 2  inDegree:7  threshold: 0.0 influence: 0.0] outAdjList=[234270825, 22084427]   inAdjList=[13462502, 8630302, 67157376, 287713, 586, 17459034, 6088382]
Vertex 223:21145764   [outDegree: 6  inDegree:2  threshold: 0.0 influence: 0.0] outAdjList=[14087951, 14809096, 15236339, 606083, 5813712, 713263]   inAdjList=[14809096, 14087951]
Vertex 224:14220606   [outDegree: 13 inDegree:6  threshold: 0.0 influence: 0.0] outAdjList=[563200400, 40198602, 6503412, 883301, 380, 13652832, 14231571, 67157376, 487072890, 12741, 180505807, 2727051, 22253]   inAdjList=[67157376, 68824195, 2727051, 22253, 12741, 40198602]
Vertex 225:17937655   [outDegree: 11 inDegree:7  threshold: 0.0 influence: 0.0] outAdjList=[17245224, 1371101, 6088382, 14450509, 377821426, 13141442, 8630562, 14838800, 15819085, 21965123, 8630302]   inAdjList=[17245224, 8630302, 15819085, 6088382, 8630562, 21965123, 1371101]
Vertex 226:7461782    [outDegree: 3  inDegree:1  threshold: 0.0 influence: 0.0] outAdjList=[528, 15109716, 2735631]   inAdjList=[15109716]
Vertex 227:17561826   [outDegree: 3  inDegree:5  threshold: 0.0 influence: 0.0] outAdjList=[6160742, 47, 6331462]   inAdjList=[6331462, 47, 765548, 16007011, 5854882]
Vertex 228:636923     [outDegree: 6  inDegree:16 threshold: 0.0 influence: 0.0] outAdjList=[663463, 255617445, 14231571, 51518017, 458897186, 6687652]   inAdjList=[20904050, 7415132, 51123, 663463, 326658079, 13648692, 14086492, 11178592, 15384741, 9283582, 728163, 14231571, 14163141, 14142965, 1186, 22253]
Vertex 229:15725851   [outDegree: 2  inDegree:0  threshold: 0.0 influence: 0.0] outAdjList=[14749606, 180505807]   inAdjList=[]
Vertex 230:16461070   [outDegree: 7  inDegree:4  threshold: 0.0 influence: 0.0] outAdjList=[287713, 5827292, 234270825, 9863222, 586, 563200400, 652193]   inAdjList=[652193, 287713, 586, 9863222]
Vertex 231:15162141   [outDegree: 5  inDegree:5  threshold: 0.0 influence: 0.0] outAdjList=[22253, 57378470, 1678471, 14367669, 16912257]   inAdjList=[22253, 57378470, 16912257, 14367669, 1678471]
Vertex 232:275570583  [outDegree: 0  inDegree:1  threshold: 0.0 influence: 0.0] outAdjList=[]   inAdjList=[16004268]
Vertex 233:58166411   [outDegree: 1  inDegree:5  threshold: 0.0 influence: 0.0] outAdjList=[180505807]   inAdjList=[713263, 13839772, 20904050, 14809096, 18248772]
Vertex 234:18976476   [outDegree: 2  inDegree:2  threshold: 0.0 influence: 0.0] outAdjList=[18974638, 35357461]   inAdjList=[18974638, 35357461]
Vertex 235:20221130   [outDegree: 0  inDegree:3  threshold: 0.0 influence: 0.0] outAdjList=[]   inAdjList=[12800212, 18248772, 17129553]
